"run" "es.mean" "r.var" "n.obs" "n.vars" "true.err" "err.z.all" "err.t.all" "err.t.curve.all" "err.z.sig" "err.z.sig.sel" "err.t.sig.sel" "err.pcurve.all" "err.pcurve.sig" "true.edr" "edr.z.all" "edr.t.all" "edr.t.curve.all" "edr.z.sig" "edr.z.sig.sel" "edr.t.sig.sel" "edr.pcurve.all" "edr.pcurve.sig"
"1" 1 0 0 10 2 0.315180479390723 0.0342869902023486 0.122033215871428 0.122033215871428 0.0552691071416447 0.0665227816392423 0.212619654129929 0.05 0.06 0.166482840204077 0.0523933167209853 0.0874194382156983 0.0874194382156983 0.0587464196207614 0.0552640382715009 0.183069416537585 NA NA
"2" 2 0 0 10 4 0.31535164506714 0.0468664442130777 0.166707140563708 0.166707140563708 0.0764047296767714 0.025 0.349204909915383 0.05 0.07 0.16499429474477 0.0560258126809217 0.0666089648256013 0.0666089648256013 0.0669204144909821 0.0500000000000001 0.261098026815395 NA NA
"3" 3 0 0 10 6 0.311805200147668 0.0458238534449059 0.14680137559768 0.14680137559768 0.100599689561726 0.0330761473157571 0.0765100949331447 0.05 0.08 0.164713810835506 0.0557057160578965 0.0709900816286855 0.0709900816286855 0.0795989870700082 0.0520683664297107 0.0534829423010573 NA NA
"4" 4 0 0 10 8 0.311205998448351 0.0498438812195883 0.137086100822353 0.137086100822353 0.101508663172977 0.0782214973789527 0.239497573788379 0.05 0.09 0.164620453292673 0.0569605382496014 0.0851072697886952 0.0851072697886952 0.0801696082257125 0.0665156394952719 0.194848039802452 NA NA
"5" 5 0 0 10 10 0.319299823502867 0.0520992923662129 0.142894627269449 0.142894627269449 0.119215911878873 0.178764441446026 0.0793658403410603 0.06 0.11 0.166977432421717 0.0576896209334418 0.0957126172982978 0.0957126172982978 0.0931825236789551 0.173499125956751 0.0532958195212101 NA NA
"6" 6 0 0 10 12 0.306216167409612 0.0339176688087943 0.135699898003831 0.135699898003831 0.111170005273436 0.025 0.329291921557721 0.05 0.1 0.162531252490532 0.0522937739710296 0.0690682869679233 0.0690682869679233 0.0867819602932903 0.0500000000000001 0.246483174553456 NA NA
"7" 7 0 0 20 2 0.306669519886354 0.0512881852247482 0.0883542242557731 0.0883542242557731 0.0784771440848434 0.0752960961140318 0.056670561398095 0.05 0.07 0.165329711973893 0.0574252836933971 0.0726342667492236 0.0726342667492236 0.0678460480077804 0.0664355432491926 0.0527287683945863 NA NA
"8" 8 0 0 20 4 0.304053919241736 0.0476487851937369 0.0847425977144273 0.0847425977144273 0.0785185501457953 0.083902412107021 0.222140114461471 0.05 0.07 0.16376244990455 0.0562684336663109 0.0708070085036759 0.0708070085036759 0.0678648028042397 0.0703950316806861 0.189695818249403 NA NA
"9" 9 0 0 20 6 0.309021442927987 0.0457271793760832 0.10248866536497 0.10248866536497 0.0962460095366831 0.097754743368322 0.10729182629979 0.06 0.08 0.164507583151197 0.0556762203519459 0.0807940551141921 0.0807940551141921 0.0769748168420286 0.0778643854418988 0.0717989046513873 NA NA
"10" 10 0 0 20 8 0.305688661070023 0.0429112388631167 0.0860167296424258 0.0860167296424258 0.110618602666913 0.101797423273035 0.210804729800536 0.05 0.09 0.164499964155961 0.0548305614875342 0.0692072357250344 0.0692072357250344 0.0863753602376385 0.0803525977203959 0.161383969209844 NA NA
"11" 11 0 0 20 10 0.304798530428278 0.025 0.0736356944227861 0.0736356944227861 0.0693467180303039 0.025 0.200001217305751 0.05 0.07 0.165716373215365 0.0500000000000001 0.0537318391513 0.0537318391513 0.0639490601188604 0.0500000000000001 0.181068388473216 NA NA
"12" 12 0 0 20 12 0.304345958093982 0.0253039053757058 0.0716592797117306 0.0716592797117306 0.100313510808467 0.13417346504487 0.119230415478586 0.05 0.09 0.164788241949174 0.0500151141393333 0.0615157599589194 0.0615157599589194 0.0794210118102606 0.10798908368203 0.0594652129320772 NA NA
"13" 13 0 0 40 2 0.30546420271953 0.025 0.0496104024526971 0.0496104024526971 0.0497485644352473 0.0638837223463852 0.0928451235046849 0.05 0.06 0.164418986120727 0.0500000000000001 0.0540791380712348 0.0540791380712348 0.0559728625880779 0.0534388349060025 0.0564361876169006 NA NA
"14" 14 0 0 40 4 0.307800556777269 0.0331982630612158 0.0530599303424279 0.0530599303424279 0.0734253250855882 0.162874018360084 0.0634329754457975 0.05 0.07 0.167553140083364 0.0521009553968252 0.0580058549324364 0.0580058549324364 0.0656330835582358 0.155356366457432 0.0538036395088573 NA NA
"15" 15 0 0 40 6 0.30676385114103 0.0329706791683745 0.0585992153934277 0.0585992153934277 0.0702923907136302 0.025 0.108561407158335 0.05 0.07 0.16738204993369 0.0511531204894649 0.0553960165365346 0.0553960165365346 0.064331778977303 0.0500000000000001 0.0848914464705214 NA NA
"16" 16 0 0 40 8 0.298459550781452 0.0252865803477244 0.0500878292157011 0.0500878292157011 0.075612158323691 0.025 0.102647011916381 0.05 0.06 0.163108087523817 0.0500705794579053 0.0536505207957409 0.0536505207957409 0.0665730584995151 0.0500000000000001 0.080895865863735 NA NA
"17" 17 0 0 40 10 0.306501112740874 0.0443522091463578 0.0665565941014893 0.0665565941014893 0.112489083661051 0.0557004894198944 0.072661575178492 0.05 0.08 0.166329757109428 0.0552600666752094 0.0628459615371023 0.0628459615371023 0.087770347625381 0.0588932407117913 0.0653110213651711 NA NA
"18" 18 0 0 40 12 0.306032552188107 0.0564448297470384 0.0788630613398461 0.0788630613398461 0.141436087999086 0.0348382355815995 0.0295640111686439 0.05 0.1 0.166039301099512 0.0591483102732796 0.0680212514609097 0.0680212514609097 0.117017317169633 0.0506271180651269 0.0502279480650748 NA NA
"19" 19 0 0 60 2 0.300040728757943 0.0399401434983648 0.0518764563617054 0.0518764563617054 0.0591175276035023 0.0681802373874766 0.194271657704881 0.05 0.06 0.164422538570004 0.0539657199275294 0.0576167572450905 0.0576167572450905 0.060082684450161 0.0634832061011672 0.178961945880358 NA NA
"20" 20 0 0 60 4 0.30279295361299 0.025 0.0342616986908204 0.0342616986908204 0.05352989419912 0.025 0.025 0.05 0.05 0.165784688457594 0.0500000000000001 0.0505334234534127 0.0505334234534127 0.05816182944644 0.0500000000000001 0.0500000000000001 NA NA
"21" 21 0 0 60 6 0.300966504839183 0.0283203699505769 0.049362004814924 0.049362004814924 0.077690102952291 0.025 0.0397007466116487 0.05 0.07 0.164653161740587 0.0508301511456237 0.0568071500186425 0.0568071500186425 0.0674915200521858 0.0500000000000001 0.0533855787131752 NA NA
"22" 22 0 0 60 8 0.29847294427119 0.0276401606273631 0.0427542967575452 0.0427542967575452 0.076718687279029 0.025 0.0277279059294507 0.05 0.06 0.164384104218261 0.0506578492640598 0.0547841851267772 0.0547841851267772 0.0670590154035628 0.0500000000000001 0.0506800101238063 NA NA
"23" 23 0 0 60 10 0.306719986669906 0.0425597260175906 0.0555979467515096 0.0555979467515096 0.118818995305201 0.055383550444769 0.0860042131138213 0.05 0.09 0.16736137902203 0.0547267983187016 0.0588582738320529 0.0588582738320529 0.0928447154823977 0.0587852990437013 0.0714347663471784 NA NA
"24" 24 0 0 60 12 0.306533262287276 0.0445025389785154 0.0595040593170551 0.0595040593170551 0.123816445931394 0.0714180082164977 0.153276099877607 0.05 0.1 0.16754471850822 0.0553052629176643 0.0575616476653292 0.0575616476653292 0.0972852150950826 0.0647933367147734 0.135483049189303 NA NA
"25" 25 0 0 80 2 0.307116490069212 0.062910731716864 0.0736582716595042 0.0736582716595042 0.093852336164579 0.129484551069302 0.119431448328834 0.06 0.07 0.166286588269996 0.0614606292977674 0.0657319468171922 0.0657319468171922 0.0756044395842131 0.102865192974963 0.0933669945780463 NA NA
"26" 26 0 0 80 4 0.303287129263882 0.025 0.0342952203113068 0.0342952203113068 0.0637315438045169 0.0664794478025799 0.0370132103217492 0.05 0.06 0.165214576745613 0.0500000000000001 0.0523955392891171 0.0523955392891171 0.0617671626178939 0.0602337063615524 0.0506940954481498 NA NA
"27" 27 0 0 80 6 0.30269801140222 0.0447874374960074 0.057321459991315 0.057321459991315 0.0977875774476783 0.0652597331390704 0.0483479905773338 0.05 0.08 0.164530813497333 0.055391119992609 0.0594515606460069 0.0594515606460069 0.0778839734869984 0.0601438533735537 0.0520328785772805 NA NA
"28" 28 0 0 80 8 0.30202883897326 0.0306371471498487 0.0383378891472624 0.0383378891472624 0.090322090436665 0.025 0.0264886825739467 0.05 0.07 0.166536479336032 0.0514259050627426 0.0535105556327716 0.0535105556327716 0.0736701431129947 0.0500000000000001 0.050074124067138 NA NA
"29" 29 0 0 80 10 0.301269410675236 0.025 0.025 0.025 0.0797286845758525 0.025 0.025 0.05 0.07 0.165047119307229 0.0500000000000001 0.0500000000000001 0.0500000000000001 0.0684175480374895 0.0500000000000001 0.0500000000000001 NA NA
"30" 30 0 0 80 12 0.300376336489665 0.0344903568492278 0.0458421833578667 0.0458421833578667 0.106934194460165 0.0544504350577194 0.118443208698381 0.05 0.09 0.165059564227396 0.0524482918503362 0.0557113121240826 0.0557113121240826 0.0837533224383883 0.0584697877629778 0.0925271400360309 NA NA
"31" 31 0 0 100 2 0.298424645135508 0.025 0.0265985070449729 0.0265985070449729 0.0442399438317123 0.025 0.025 0.05 0.05 0.164253992988229 0.0500000000000001 0.0501474507896451 0.0501474507896451 0.0552263625752912 0.0500000000000001 0.0500000000000001 NA NA
"32" 32 0 0 100 4 0.30269290626752 0.0351300863550099 0.0450718517560602 0.0450718517560602 0.0579403822372841 0.0278827417348557 0.025 0.05 0.06 0.1656537745902 0.0505840220484364 0.053355001730877 0.053355001730877 0.0595335015604667 0.0501648191705706 0.0500000000000001 NA NA
"33" 33 0 0 100 6 0.298563002643026 0.0478082969895664 0.0573609245014973 0.0573609245014973 0.0930773150297217 0.025 0.0317572392160179 0.05 0.07 0.164292167837056 0.0563181598784152 0.0594652856594131 0.0594652856594131 0.0751711370240141 0.0500000000000001 0.0517189706524524 NA NA
"34" 34 0 0 100 8 0.300090364016679 0.0395024924083903 0.046092939463666 0.046092939463666 0.0856106887826017 0.0297042410072412 0.041514540194593 0.05 0.07 0.165327769305521 0.0538406262432668 0.0557879802475619 0.0557879802475619 0.0712377642767372 0.0511843387973906 0.0544205766054724 NA NA
"35" 35 0 0 100 10 0.309115190551178 0.0474370986962333 0.0525732653713914 0.0525732653713914 0.12444307607782 0.0261914692229787 0.026803847395051 0.05 0.09 0.168109325324279 0.0562025779449645 0.0578452167933499 0.0578452167933499 0.0978721589875093 0.0500581804347157 0.0500881360815544 NA NA
"36" 36 0 0 100 12 0.299846902835113 0.025 0.0316880666134748 0.0316880666134748 0.113124090790219 0.025 0.025 0.05 0.08 0.164319190765183 0.0500000000000001 0.0517007753057337 0.0517007753057337 0.0882542316107679 0.0500000000000001 0.0500000000000001 NA NA
"37" 37 0 0.2 10 2 0.309367890505005 0.0382639105606134 0.145727473502776 0.145727473502776 0.0614904774924692 0.0283726079146008 0.245305329437495 0.05 0.06 0.163197211598087 0.0534897253507582 0.0713577894342752 0.0713577894342752 0.0609373590858204 0.0508434318708563 0.194650292261231 NA NA
"38" 38 0 0.2 10 4 0.307382408806125 0.0328322063315568 0.147633746596711 0.147633746596711 0.0738051952995281 0.0520159512609028 0.231731315925306 0.05 0.07 0.163096962833023 0.0510919317776737 0.0643849120206062 0.0643849120206062 0.0657944549836032 0.0526146314700387 0.190818167379066 NA NA
"39" 39 0 0.2 10 6 0.313863077955055 0.0524491305926668 0.154614190415261 0.154614190415261 0.0964919797311996 0.0786726489147338 0.260616064720752 0.05 0.08 0.16522650784949 0.0578043847605144 0.082892732556899 0.082892732556899 0.077118454646542 0.0669047473915502 0.203531434063957 NA NA
"40" 40 0 0.2 10 8 0.30604260946763 0.027843721794937 0.111185137755261 0.111185137755261 0.0822880286281997 0.025 0.215305103180278 0.05 0.07 0.162389459797718 0.0507092901575222 0.080300639395787 0.080300639395787 0.0696167412430076 0.0500000000000001 0.186929168286345 NA NA
"41" 41 0 0.2 10 10 0.310707186422119 0.0435504492794423 0.150858323329197 0.150858323329197 0.10295975352327 0.025 0.318206711979306 0.05 0.09 0.164285830261421 0.0550202619903711 0.0635893895712997 0.0635893895712997 0.0810977024223921 0.0500000000000001 0.239138888239715 NA NA
"42" 42 0 0.2 10 12 0.311940381197568 0.0395668401684348 0.132672622877817 0.132672622877817 0.124389628374315 0.0394493114534121 0.150969784324152 0.05 0.11 0.165062780726878 0.0538589823667717 0.0771628851461344 0.0771628851461344 0.0978218201422545 0.0535705987078817 0.0672259184777855 NA NA
"43" 43 0 0.2 20 2 0.306587200467164 0.0393673186236282 0.085503915648926 0.085503915648926 0.0687946409218367 0.0463123413515775 0.043040428612094 0.05 0.06 0.164818318010404 0.0538021066981961 0.0711844998816009 0.0711844998816009 0.0637277294267317 0.055791871199052 0.051062490461213 NA NA
"44" 44 0 0.2 20 4 0.303444577574255 0.0516134801151504 0.0812318599394367 0.0812318599394367 0.0881334424619331 0.025 0.0941710192017931 0.05 0.07 0.164258693458544 0.057531004785656 0.064257716570741 0.064257716570741 0.0725198627834794 0.0500000000000001 0.0757840631956453 NA NA
"45" 45 0 0.2 20 6 0.307222926737411 0.0316144768009229 0.0899184622620768 0.0899184622620768 0.0712650212894546 0.0272643716650188 0.0265332921393938 0.05 0.07 0.16607053752952 0.0516814320941067 0.0595892345021727 0.0595892345021727 0.0647302161297448 0.0505631592328248 0.0500752858782708 NA NA
"46" 46 0 0.2 20 8 0.304993158505306 0.0332386786963239 0.0802552281021612 0.0802552281021612 0.0931514434993983 0.0587397354978791 0.150114586689724 0.05 0.08 0.164399225700388 0.0521117500835935 0.0680174281751479 0.0680174281751479 0.0752123662040007 0.0599488209598758 0.1061252540142 NA NA
"47" 47 0 0.2 20 10 0.305042151303219 0.0278171173851514 0.0720475367074816 0.0720475367074816 0.0941915824561415 0.025 0.0823379386467579 0.05 0.07 0.164832541221391 0.0507025611603044 0.0630553308210903 0.0630553308210903 0.075795682857642 0.0500000000000001 0.0696405448555804 NA NA
"48" 48 0 0.2 20 12 0.303434425150366 0.036410778261603 0.074640890612645 0.074640890612645 0.120386397985035 0.0360476387479825 0.180464091618514 0.05 0.1 0.164582218810431 0.0529731756741215 0.0656951341539511 0.0656951341539511 0.0941931705555283 0.052873119534542 0.174081543730447 NA NA
"49" 49 0 0.2 40 2 0.30238091214032 0.0274269890425116 0.0509549134185057 0.0509549134185057 0.0548850471209683 0.0319027690615125 0.168536670710203 0.05 0.06 0.166157177261927 0.0506040915261898 0.0573173723030651 0.0573173723030651 0.058616319308276 0.0517572930601275 0.170075045753088 NA NA
"50" 50 0 0.2 40 4 0.300630728142556 0.0274652427574059 0.0559267784298025 0.0559267784298025 0.0630040652063733 0.025 0.0251924514802993 0.05 0.06 0.165070783416623 0.0506137299692114 0.0589705520872805 0.0589705520872805 0.0614953314126906 0.0500000000000001 0.0500093778436779 NA NA
"51" 51 0 0.2 40 6 0.301357879423435 0.035336303997876 0.0446199737696825 0.0446199737696825 0.0693014458458715 0.063579522859073 0.240453393470281 0.05 0.06 0.164831672381094 0.0526782161810633 0.0547931239175438 0.0547931239175438 0.0639308524057251 0.0617101597058497 0.197479236444533 NA NA
"52" 52 0 0.2 40 8 0.304384184941137 0.0315102177041369 0.0582793824854593 0.0582793824854593 0.092614822481214 0.025 0.025 0.05 0.08 0.165972345171332 0.0514338833375709 0.0552776899986559 0.0552776899986559 0.0749149226527121 0.0500000000000001 0.0500000000000001 NA NA
"53" 53 0 0.2 40 10 0.305278582935081 0.025 0.0446954057026078 0.0446954057026078 0.0905914033658816 0.0538331017015117 0.0339095417065176 0.05 0.07 0.16720969550599 0.0500000000000001 0.0553633561398691 0.0553633561398691 0.0738142112671628 0.0582629057691791 0.0505599681895964 NA NA
"54" 54 0 0.2 40 12 0.303127363896773 0.025 0.0479191010155884 0.0479191010155884 0.109305585488427 0.153916706489699 0.111552824961719 0.05 0.08 0.165293178629615 0.0500000000000001 0.0563527536912255 0.0563527536912255 0.0854223206590442 0.136649763581663 0.0618191263648002 NA NA
"55" 55 0 0.2 60 2 0.297669556202644 0.025 0.025 0.025 0.0272157541490719 0.127777627086425 0.123223849923586 0.05 0.05 0.164771501865511 0.0500000000000001 0.0500000000000001 0.0500000000000001 0.0504880262062631 0.101118595034613 0.0967365900485805 NA NA
"56" 56 0 0.2 60 4 0.300854907009999 0.035731019719108 0.0515913280357084 0.0515913280357084 0.0610519612215883 0.204441065283769 0.214597133703742 0.05 0.06 0.164701554702687 0.0527861891605103 0.0575237929924455 0.0575237929924455 0.0607775902358574 0.182735089656013 0.186665488805894 NA NA
"57" 57 0 0.2 60 6 0.295726736500829 0.025 0.0268613894454271 0.0268613894454271 0.0657637164901274 0.025 0.0514785422908119 0.05 0.06 0.163354392019076 0.0500000000000001 0.0504620096910211 0.0504620096910211 0.0625394007960568 0.0500000000000001 0.0574871026775415 NA NA
"58" 58 0 0.2 60 8 0.304505432516846 0.0336766667007089 0.0469950661939956 0.0469950661939956 0.0889494695208028 0.025 0.0489653765674787 0.05 0.07 0.165008960677079 0.0522290206569365 0.0560655573416337 0.0560655573416337 0.0729445150694963 0.0500000000000001 0.0566815159597597 NA NA
"59" 59 0 0.2 60 10 0.30834986670669 0.0268920941978224 0.040849258825225 0.040849258825225 0.100723819256795 0.025 0.0285646598356067 0.05 0.08 0.168360763140254 0.0504697024154898 0.054227438980661 0.054227438980661 0.079676431894182 0.0500000000000001 0.0501944181536854 NA NA
"60" 60 0 0.2 60 12 0.301061331616782 0.025 0.0410986231746081 0.0410986231746081 0.107583256264973 0.0534877249597645 0.158658955046749 0.05 0.09 0.165564344111658 0.0500000000000001 0.05383622873079 0.05383622873079 0.084203618494758 0.0581477998104271 0.145954177422748 NA NA
"61" 61 0 0.2 80 2 0.300620592487071 0.0555929839145294 0.0706778282601694 0.0706778282601694 0.0876841586757773 0.104393949450734 0.0971009264876235 0.05 0.07 0.1647816913528 0.0588565825662644 0.0644890849038377 0.0644890849038377 0.0722881637596636 0.0820363502016868 0.0774763748576268 NA NA
"62" 62 0 0.2 80 4 0.299511217317409 0.0361214646120322 0.0458044360812123 0.0458044360812123 0.0714120207642693 0.025 0.0461350413856277 0.05 0.06 0.164647297948995 0.0528934302161033 0.0556997892224531 0.0556997892224531 0.0647908640486997 0.0500000000000001 0.0558008735107863 NA NA
"63" 63 0 0.2 80 6 0.304089644115415 0.0492592741418369 0.0557042611815281 0.0557042611815281 0.0876605069001308 0.0264720506274355 0.0282924051514149 0.05 0.07 0.166169560809266 0.0567745561302598 0.0588945276684636 0.0588945276684636 0.0722760073762675 0.0503646683067124 0.0502896972622198 NA NA
"64" 64 0 0.2 80 8 0.304457971304775 0.058995662545769 0.0660578240451596 0.0660578240451596 0.118627006221462 0.0344273001891495 0.133662755152272 0.06 0.09 0.165608938117585 0.0600394385998261 0.0626527659119609 0.0626527659119609 0.0926821945424271 0.0506292460625234 0.107406359001702 NA NA
"65" 65 0 0.2 80 10 0.297296351922406 0.025 0.0260188334346829 0.0260188334346829 0.0804119857831992 0.025 0.0255051215700761 0.05 0.07 0.16371369231106 0.0500000000000001 0.0502518281937805 0.0502518281937805 0.0687336508775559 0.0500000000000001 0.0500251262619399 NA NA
"66" 66 0 0.2 80 12 0.300305829716432 0.025 0.0324631015244989 0.0324631015244989 0.103710198129562 0.0975650363092011 0.0930265437199528 0.05 0.08 0.165000336595388 0.0500000000000001 0.0519053773484476 0.0519053773484476 0.0815861556139552 0.0777514032803968 0.0751429248292584 NA NA
"67" 67 0 0.2 100 2 0.304240188194291 0.0509500372848603 0.056540466061053 0.056540466061053 0.0938449686031137 0.025 0.025 0.05 0.07 0.166345273668827 0.057315796450818 0.059181243064886 0.059181243064886 0.0756002969760264 0.0500000000000001 0.0500000000000001 NA NA
"68" 68 0 0.2 100 4 0.304872362448708 0.0570802775858165 0.0668356175847366 0.0668356175847366 0.0932105612942714 0.025 0.0281844907685085 0.06 0.07 0.167269938724665 0.0593678194284567 0.062954560234768 0.062954560234768 0.0752452790946515 0.0500000000000001 0.0507956383580073 NA NA
"69" 69 0 0.2 100 6 0.299365285154134 0.0387530236559352 0.0475778569797135 0.0475778569797135 0.0766848060246357 0.0404060070928041 0.0664438542919823 0.05 0.07 0.164078463493642 0.0536277474107636 0.0562463506958236 0.0562463506958236 0.0670440304272994 0.0540995178698259 0.0628021882924079 NA NA
"70" 70 0 0.2 100 8 0.297502507564818 0.025 0.025 0.025 0.0572133011243697 0.0803850480615776 0.176300871234459 0.05 0.06 0.164163975051029 0.0500000000000001 0.0500000000000001 0.0500000000000001 0.0594139774847593 0.0687211338882506 0.172661821102004 NA NA
"71" 71 0 0.2 100 10 0.299637976180341 0.025 0.0347308216244653 0.0347308216244653 0.0928441748981359 0.0361174037009491 0.0834840462225901 0.05 0.07 0.164777021651376 0.0500000000000001 0.0525134445796594 0.0525134445796594 0.0750417619918706 0.0525813808225885 0.0701916727940907 NA NA
"72" 72 0 0.2 100 12 0.298210030186121 0.025 0.0314202588765234 0.0314202588765234 0.0980630776300024 0.025 0.0320295383566946 0.05 0.08 0.164170258518182 0.0500000000000001 0.0516304510109825 0.0516304510109825 0.0780487195575262 0.0500000000000001 0.0517907215596453 NA NA
"73" 73 0 0.4 10 2 0.310806793383313 0.0325330519314649 0.132121006331933 0.132121006331933 0.0661106036929388 0.025 0.203816445030022 0.05 0.06 0.165216653482046 0.0519239233114615 0.0796849200811104 0.0796849200811104 0.0626731535810242 0.0500000000000001 0.180001969508081 NA NA
"74" 74 0 0.4 10 4 0.31565161333502 0.0341487191213574 0.149170502001554 0.149170502001554 0.0667950132531514 0.0443878461915423 0.0986976657955741 0.05 0.07 0.166633996230004 0.0523560043337087 0.0672715902056964 0.0672715902056964 0.0629387332986436 0.0552707741714684 0.0560263860666895 NA NA
"75" 75 0 0.4 10 6 0.313715001846787 0.0393297253515326 0.131428163990561 0.131428163990561 0.0800392537025836 0.126599692522468 0.205321031743866 0.05 0.08 0.165612801150958 0.0537914037954527 0.088552693184483 0.088552693184483 0.0685608596333756 0.0999474699363474 0.177386578030399 NA NA
"76" 76 0 0.4 10 8 0.307744868115947 0.0293459166812271 0.131231532291447 0.131231532291447 0.0811273841047255 0.0543044578187568 0.193550796874968 0.05 0.08 0.163010836183442 0.0510921566297407 0.0923844634899728 0.0923844634899728 0.0690677473672689 0.0584207350569193 0.175172773307137 NA NA
"77" 77 0 0.4 10 10 0.31444728037884 0.0310706780906342 0.13799936184991 0.13799936184991 0.0973653396112154 0.0545490552367349 0.478308399732962 0.05 0.09 0.165284524277638 0.0503036550591359 0.0601712608802182 0.0601712608802182 0.0776328253671439 0.0579663524105512 0.422791732707643 NA NA
"78" 78 0 0.4 10 12 0.311914408055246 0.0406136262864625 0.141352213399635 0.141352213399635 0.129554953852757 0.025 0.37454501580314 0.05 0.11 0.163626141682027 0.0541593609194304 0.0783956977852417 0.0783956977852417 0.102938528688655 0.0500000000000001 0.282287951542757 NA NA
"79" 79 0 0.4 20 2 0.309575589625238 0.0470886749460513 0.0847233151446631 0.0847233151446631 0.056729230609726 0.025 0.260075493296492 0.06 0.06 0.167276489771108 0.0560945182589176 0.0707974994265975 0.0707974994265975 0.0592463527249875 0.0500000000000001 0.206560346309484 NA NA
"80" 80 0 0.4 20 4 0.304694470463415 0.025 0.0666635487084546 0.0666635487084546 0.057327391700723 0.101948549190393 0.0793787673394241 0.05 0.06 0.165186326371095 0.0500000000000001 0.0628875450144749 0.0628875450144749 0.0594536231782388 0.080448700776333 0.0553782905593747 NA NA
"81" 81 0 0.4 20 6 0.306302210026063 0.0473574509340128 0.0922728752237701 0.0922728752237701 0.0965777179011372 0.025 0.0677937696388819 0.05 0.08 0.165146880520157 0.0561778394007876 0.0747266089052129 0.0747266089052129 0.0771686487515184 0.0500000000000001 0.0623779510740118 NA NA
"82" 82 0 0.4 20 8 0.30868823260784 0.0589317299001184 0.0963251695284431 0.0963251695284431 0.125484972643984 0.0278764864750212 0.176485625213895 0.06 0.1 0.165815889023098 0.0600167759205687 0.0770209850230733 0.0770209850230733 0.0988639058401519 0.0507175797136189 0.172724333866025 NA NA
"83" 83 0 0.4 20 10 0.308344221788827 0.0567692672888672 0.0952241736728218 0.0952241736728218 0.116687271711165 0.0272805633218958 0.0784092999083577 0.05 0.09 0.166612088462247 0.0592601808064998 0.068932214623671 0.068932214623671 0.0910715466650387 0.0505672318535283 0.0592001386377246 NA NA
"84" 84 0 0.4 20 12 0.304994079906107 0.0387201535461026 0.0760529274763389 0.0760529274763389 0.117383972298178 0.026208484713758 0.156997090571455 0.05 0.1 0.164813496999598 0.0536184495239915 0.0623101217418094 0.0623101217418094 0.0916435652726608 0.0502989851924828 0.142552705508074 NA NA
"85" 85 0 0.4 40 2 0.304484921530739 0.0410557206109915 0.0648670921449046 0.0648670921449046 0.064044875724275 0.0809169839463725 0.0658349163442071 0.05 0.06 0.165878671407267 0.054208453684423 0.0587076359884072 0.0587076359884072 0.0583752289915929 0.0689691522215817 0.0540606607423589 NA NA
"86" 86 0 0.4 40 4 0.305687694494133 0.0497355138864934 0.0693753258058355 0.0693753258058355 0.0778644072078654 0.0521103772241263 0.032985487626 0.05 0.07 0.166084714304041 0.0569259712081675 0.0639605710347122 0.0639605710347122 0.0675697167817309 0.0576932503107044 0.0506187607931986 NA NA
"87" 87 0 0.4 40 6 0.303134471861411 0.0358101729453808 0.0597781618258451 0.0597781618258451 0.073704042193878 0.102315377309363 0.176280976695656 0.05 0.06 0.164397648893602 0.0517407106516985 0.0577055458068587 0.0577055458068587 0.0657514069957115 0.0806829308260436 0.172624360050126 NA NA
"88" 88 0 0.4 40 8 0.304617272087148 0.0312612595501529 0.0552732762255382 0.0552732762255382 0.0950405093387637 0.025 0.0948494636953444 0.05 0.08 0.16596347891095 0.0515887894218744 0.0587478350664039 0.0587478350664039 0.0762785151159922 0.0500000000000001 0.0761693211236485 NA NA
"89" 89 0 0.4 40 10 0.303882935150657 0.0447557060725543 0.0698899250296462 0.0698899250296462 0.105887556659911 0.025 0.025 0.05 0.08 0.165004252304269 0.0553815442149478 0.064168340421444 0.064168340421444 0.083037260215283 0.0500000000000001 0.0500000000000001 NA NA
"90" 90 0 0.4 40 12 0.305758808070654 0.0594981114005366 0.0765229658820314 0.0765229658820314 0.124115769312908 0.025 0.0592851842481115 0.06 0.1 0.166717030168094 0.0602181429534633 0.0669725441871582 0.0669725441871582 0.0975647007323073 0.0500000000000001 0.0601422821218486 NA NA
"91" 91 0 0.4 60 2 0.305765889901583 0.0346450463436183 0.0493108387208794 0.0493108387208794 0.0527231866451408 0.0420965694425787 0.0464634075152145 0.05 0.06 0.167124096442464 0.0524901856323355 0.0567909116125672 0.0567909116125672 0.0578946078280285 0.0545906771566946 0.0552946537502603 NA NA
"92" 92 0 0.4 60 4 0.297447348354973 0.025 0.025 0.025 0.0405937666905955 0.0405572647821356 0.0820927145756813 0.05 0.05 0.164317095550139 0.0500000000000001 0.0500000000000001 0.0500000000000001 0.054153630969724 0.0541431024920136 0.0695237462345417 NA NA
"93" 93 0 0.4 60 6 0.301207597877667 0.0348591264407252 0.0418740099173493 0.0418740099173493 0.0668989437475891 0.0283253133569842 0.0280594750203187 0.05 0.06 0.164517341949445 0.052548274398524 0.0545255077634505 0.0545255077634505 0.0629792596806663 0.0508314076359375 0.0504107300742033 NA NA
"94" 94 0 0.4 60 8 0.304446540713364 0.0391998820707287 0.0579850480322604 0.0579850480322604 0.0945726368366459 0.0252254869412969 0.0757610239407309 0.05 0.08 0.167524761753853 0.0537544698049959 0.0596831897501203 0.0596831897501203 0.076011651594815 0.0500555165716206 0.0666380257257127 NA NA
"95" 95 0 0.4 60 10 0.303571625981291 0.039607155149752 0.0539540846344954 0.0539540846344954 0.106254490295702 0.025 0.0366249949053499 0.05 0.08 0.166314541797714 0.0538704891734517 0.0583033343907084 0.0583033343907084 0.0832869015711199 0.0500000000000001 0.0530323767504194 NA NA
"96" 96 0 0.4 60 12 0.301215181828303 0.0304258692336692 0.045564669908207 0.045564669908207 0.118607323854559 0.150648074385802 0.144102452498505 0.05 0.1 0.165325110937405 0.0513709973519721 0.0556267082839818 0.0556267082839818 0.0926655653444865 0.130898175042401 0.120722742266573 NA NA
"97" 97 0 0.4 80 2 0.304570300404005 0.0351870466200864 0.0464618721226974 0.0464618721226974 0.0539243297906531 0.0251016736350006 0.0580776463041943 0.05 0.06 0.166870698201862 0.0521335323259466 0.0547057625728417 0.0547057625728417 0.0582780173812937 0.050004959529807 0.0597156552729622 NA NA
"98" 98 0 0.4 80 4 0.30156092733924 0.033021626282702 0.0414917880767053 0.0414917880767053 0.067814269259367 0.0581871340795908 0.103951264164211 0.05 0.06 0.164977854891908 0.0520538295898581 0.0544139487275193 0.0544139487275193 0.0633384460220477 0.0597540879598197 0.0817443129469367 NA NA
"99" 99 0 0.4 80 6 0.305934552333503 0.0547144660718491 0.0647929384760378 0.0647929384760378 0.086252306425777 0.025 0.0429116724115571 0.06 0.08 0.166822991100538 0.0557902714850887 0.0606515855024522 0.0606515855024522 0.0715595252156348 0.0500000000000001 0.054830689709763 NA NA
"100" 100 0 0.4 80 8 0.304167156261628 0.0352244270336758 0.0469761762218405 0.0469761762218405 0.0760603716849486 0.197617860530382 0.0737773788861671 0.05 0.07 0.164572279628431 0.0525088779705077 0.0558891102290174 0.0558891102290174 0.0667690502530355 0.180186165839022 0.0544438835951973 NA NA
"101" 101 0 0.4 80 10 0.307264365019347 0.0439861911188714 0.0554463749975391 0.0554463749975391 0.0894459733316424 0.0544889487097853 0.0625530646197714 0.05 0.08 0.168692842735666 0.0551503326504103 0.0588066640966188 0.0588066640966188 0.0732053328763742 0.0584827432351897 0.0613280077351832 NA NA
"102" 102 0 0.4 80 12 0.302379639575894 0.0316705776492119 0.0394575668167965 0.0394575668167965 0.0891842348399963 0.113263866495929 0.172865887982564 0.05 0.07 0.165655734485434 0.0516961769891834 0.053827817988013 0.053827817988013 0.0730676073335952 0.0883614599070586 0.171507757441399 NA NA
"103" 103 0 0.4 100 2 0.304305965356561 0.0281844589287876 0.034894424445108 0.034894424445108 0.0547913089236561 0.0770405787720265 0.168536670710203 0.05 0.06 0.166334616510812 0.0507956302763334 0.0523236356256826 0.0523236356256826 0.0585846529373647 0.0672017161770709 0.170075045753088 NA NA
"104" 104 0 0.4 100 4 0.298426827555055 0.025 0.025 0.025 0.0507360889723153 0.0262715345763016 0.0290365009265344 0.05 0.06 0.164692951667109 0.0500000000000001 0.0500000000000001 0.0500000000000001 0.0572467385714669 0.0500620949480173 0.0502008100612629 NA NA
"105" 105 0 0.4 100 6 0.313008443565955 0.0703441531512686 0.0799123615765068 0.0799123615765068 0.108976798703255 0.137869597317445 0.168536670710203 0.06 0.09 0.168324839107716 0.0643528597936215 0.0685022330009968 0.0685022330009968 0.0851869576979833 0.112402581728357 0.170075045753088 NA NA
"106" 106 0 0.4 100 8 0.300836846420142 0.0289683596517763 0.0358199848537163 0.0358199848537163 0.0950494488973999 0.0704493068081351 0.118829742840082 0.05 0.07 0.165799556081103 0.0509953852431968 0.0528105863854842 0.0528105863854842 0.0762836322755965 0.0643957273350273 0.0928538302409221 NA NA
"107" 107 0 0.4 100 10 0.301091473365255 0.025 0.025 0.025 0.0841529079505272 0.0570005653039442 0.07751926238566 0.05 0.07 0.165405848349642 0.0500000000000001 0.0500000000000001 0.0500000000000001 0.0705173574210956 0.0593401942816651 0.0674150526419464 NA NA
"108" 108 0 0.4 100 12 0.301523966754012 0.0451654424298485 0.0553404729943414 0.0553404729943414 0.108564867171106 0.0504425825678465 0.0724704244207183 0.05 0.08 0.16496651365283 0.0555054479694799 0.058770658453962 0.058770658453962 0.0848938994697377 0.0571522713552268 0.0652309097981796 NA NA
"109" 109 0 0.6 10 2 0.304760601177193 0.025 0.104670756760144 0.104670756760144 0.0449734466438932 0.0482647736222964 0.184723164145513 0.05 0.06 0.1635549164588 0.0500000000000001 0.0729783715409906 0.0729783715409906 0.0554473197316195 0.0536170768955274 0.172927604966736 NA NA
"110" 110 0 0.6 10 4 0.307907090791165 0.0437865315814459 0.157849840152083 0.157849840152083 0.0799715418818529 0.025 0.0985583838654466 0.05 0.07 0.162865304947837 0.0550906572362482 0.068012038632911 0.068012038632911 0.0685295629728107 0.0500000000000001 0.0565989919468427 NA NA
"111" 111 0 0.6 10 6 0.316869811307134 0.0359718028137133 0.142148188347867 0.142148188347867 0.0718683872843748 0.0476328769007931 0.535949748672342 0.05 0.07 0.167003357115813 0.0506004887262905 0.0649159023590397 0.0649159023590397 0.0644832780827991 0.0560163595490879 0.528331362527791 NA NA
"112" 112 0 0.6 10 8 0.317281915400097 0.0401717898328667 0.138876541241849 0.138876541241849 0.0913311008708974 0.0365595184139413 0.179454827386052 0.05 0.09 0.166972105147583 0.0540321668824971 0.100590596780459 0.100590596780459 0.0742128251253055 0.0506675322172815 0.1719677568184 NA NA
"113" 113 0 0.6 10 10 0.311794062733686 0.0501863692810118 0.143694860145126 0.143694860145126 0.119641964766379 0.0442690993684687 0.406350295546124 0.06 0.1 0.164659604815945 0.0570700617095907 0.0858338569665586 0.0858338569665586 0.093547875436907 0.0552351116476542 0.314303901352372 NA NA
"114" 114 0 0.6 10 12 0.309265699028163 0.0385634657850401 0.13228414263816 0.13228414263816 0.0982692323134545 0.0627764129618256 0.275479002291669 0.05 0.09 0.163196292218295 0.0535741719227615 0.0855734374159427 0.0855734374159427 0.0781724544050064 0.0614107572266425 0.145634798043365 NA NA
"115" 115 0 0.6 20 2 0.307676378360052 0.0440533175280313 0.0786375776073588 0.0786375776073588 0.0726024949391111 0.130321244062368 0.0427791443539159 0.05 0.06 0.165767681671568 0.0551704248355648 0.0679187738572462 0.0679187738572462 0.0652862397465738 0.103743557943633 0.0510004737481709 NA NA
"116" 116 0 0.6 20 4 0.311552273585403 0.0580684598720213 0.0971610184338152 0.0971610184338152 0.0850596455946713 0.025 0.175086741029314 0.06 0.08 0.167088962215618 0.0597124328753097 0.0775118752453798 0.0775118752453798 0.0709637257530318 0.0500000000000001 0.172252134981537 NA NA
"117" 117 0 0.6 20 6 0.305705484863242 0.0407463555965154 0.0803698254712027 0.0803698254712027 0.0873150651641151 0.133284675802625 0.289590223358942 0.05 0.08 0.164727075768142 0.0541976875301795 0.0686601553923039 0.0686601553923039 0.0720989243082601 0.106979002037769 0.221909586777712 NA NA
"118" 118 0 0.6 20 8 0.304771989496767 0.0358685806982671 0.0856178547794124 0.0856178547794124 0.091198135162469 0.0484907954548704 0.0461237235421489 0.05 0.08 0.16502268964692 0.0528239225229204 0.0712413419302211 0.0712413419302211 0.074140854463777 0.0565319182582657 0.0514232981668372 NA NA
"119" 119 0 0.6 20 10 0.312932224256068 0.0484723760765065 0.0884309015896828 0.0884309015896828 0.123601676494521 0.025 0.119947577197335 0.06 0.1 0.168284186908223 0.0565261280095301 0.0706737101098105 0.0706737101098105 0.0970856641820435 0.0500000000000001 0.0930066702754561 NA NA
"120" 120 0 0.6 20 12 0.308339516634621 0.0576691688052425 0.0972111711867418 0.0972111711867418 0.13042200501917 0.025 0.1792820438403 0.06 0.1 0.165420777649605 0.0595727056687578 0.077541528793911 0.077541528793911 0.103850350425266 0.0500000000000001 0.173676079242338 NA NA
"121" 121 0 0.6 40 2 0.301753704354597 0.0265876881717191 0.0503321226224305 0.0503321226224305 0.0666171401252717 0.0332938126030451 0.0682744272118641 0.05 0.06 0.16568976446096 0.0503935404484394 0.057116799698248 0.057116799698248 0.0628694948063838 0.0521264831159184 0.0635205703726962 NA NA
"122" 122 0 0.6 40 4 0.310740908994911 0.0324614913616063 0.0618252267628542 0.0618252267628542 0.0659714546744543 0.0273094025346095 0.0851111466270256 0.05 0.06 0.169082788499241 0.0519049506016804 0.0610598879936692 0.0610598879936692 0.0626194318362222 0.0501150831839276 0.0693874112619334 NA NA
"123" 123 0 0.6 40 6 0.305037543308601 0.0443176812744986 0.0627670035578392 0.0627670035578392 0.0962319896702564 0.025 0.0284377076284598 0.05 0.08 0.166395550092343 0.05524969639711 0.06140726658211 0.06140726658211 0.0769666458574241 0.0500000000000001 0.0508599922210979 NA NA
"124" 124 0 0.6 40 8 0.299563799001512 0.0427944911645726 0.0601922484222155 0.0601922484222155 0.120030093527928 0.025 0.0672219455198779 0.05 0.09 0.164111759301483 0.0547960550911992 0.0604667816449132 0.0604667816449132 0.0938832089602056 0.0500000000000001 0.063105543951914 NA NA
"125" 125 0 0.6 40 10 0.308107973915166 0.0587641470196635 0.0732212830139728 0.0732212830139728 0.126731082945365 0.0867003949389237 0.0870732431411467 0.06 0.1 0.16707312891539 0.0599574526922069 0.06554673146605 0.06554673146605 0.100076754901024 0.0717859636206193 0.0719754750552105 NA NA
"126" 126 0 0.6 40 12 0.304997317713293 0.0348780548993449 0.0556356692855856 0.0556356692855856 0.112682250048829 0.0415951266688362 0.0343274271312886 0.05 0.09 0.164817950388757 0.0525534166576363 0.0588711323247068 0.0588711323247068 0.0879169805282483 0.0536631673550096 0.050537249730225 NA NA
"127" 127 0 0.6 60 2 0.30389703098762 0.051958462813153 0.0705434949350326 0.0705434949350326 0.0746663200424365 0.025 0.0866664245830758 0.05 0.07 0.167054068285496 0.057643550584551 0.06443417312278 0.06443417312278 0.0661632213423691 0.0500000000000001 0.0717687467472769 NA NA
"128" 128 0 0.6 60 4 0.300593602183971 0.0428238463812657 0.053348321687929 0.053348321687929 0.0777154558080238 0.0684494811069801 0.0392804486052475 0.05 0.07 0.164595899680438 0.0548047273433547 0.0581014687057182 0.0581014687057182 0.067502882651844 0.0635901296673728 0.0534486664956575 NA NA
"129" 129 0 0.6 60 6 0.302525803950837 0.0325339763383928 0.0527864263373301 0.0527864263373301 0.0540648038847946 0.080242978775952 0.146144598056359 0.05 0.06 0.165442527627813 0.0519241684883522 0.0579154672235708 0.0579154672235708 0.0583403824183708 0.068655194758953 0.123723332466663 NA NA
"130" 130 0 0.6 60 8 0.300821978476685 0.040008446551323 0.0488923503585454 0.0488923503585454 0.100959828354967 0.124518739644191 0.119697821583596 0.05 0.08 0.16428023984806 0.0539852954275732 0.0566584450800195 0.0566584450800195 0.0798240949722293 0.0979435101300811 0.0935959866860007 NA NA
"131" 131 0 0.6 60 10 0.293244638036745 0.025 0.0383564499127285 0.0383564499127285 0.0722655575307583 0.06137529751873 0.0845118736669807 0.05 0.06 0.161116173387926 0.0500000000000001 0.0535157843665474 0.0535157843665474 0.0651452676850247 0.0608953131751222 0.070693395709063 NA NA
"132" 132 0 0.6 60 12 0.304633759779519 0.0464903845200865 0.0568681339638884 0.0568681339638884 0.12333796615597 0.0614631329550564 0.101617673613002 0.05 0.1 0.165974638898639 0.0559099314224678 0.0592943555721856 0.0592943555721856 0.0968417572099386 0.0609273718352583 0.0802385909654467 NA NA
"133" 133 0 0.6 80 2 0.299698182577092 0.0256661575162722 0.0378177283200133 0.0378177283200133 0.0521756990630659 0.057192062943755 0.0919473349498851 0.05 0.06 0.164751556516104 0.0501643696336994 0.0533644360850841 0.0533644360850841 0.0577146471066599 0.0594066031992337 0.0745482082274965 NA NA
"134" 134 0 0.6 80 4 0.304587281637642 0.0335112062890224 0.0454049708974602 0.0454049708974602 0.0736879573039219 0.0912602154555852 0.119285935476625 0.05 0.07 0.166779427958391 0.0521846569214715 0.0555781381979386 0.0555781381979386 0.0657445668980159 0.0741744394295363 0.0910272338373472 NA NA
"135" 135 0 0.6 80 6 0.305755536968943 0.0533515099442387 0.0628569044279788 0.0628569044279788 0.0769312060273825 0.0890994996066389 0.147636744621369 0.06 0.07 0.167753262060206 0.058102527507479 0.061440633695637 0.061440633695637 0.0671531610352894 0.0730231310329034 0.126011847463557 NA NA
"136" 136 0 0.6 80 8 0.303721870008717 0.0329505835218828 0.0461229550886946 0.0461229550886946 0.0730960052614617 0.0780449123475419 0.112749508183932 0.05 0.07 0.165576051718318 0.0504572198314766 0.0533252868759647 0.0533252868759647 0.0654938255006774 0.0676508865777968 0.0879681513441761 NA NA
"137" 137 0 0.6 80 10 0.300594016397564 0.0455629459327137 0.0562170810315665 0.0562170810315665 0.105672355068238 0.175405912785222 0.172467436185586 0.05 0.09 0.164813817047343 0.055626183509142 0.0590700313629821 0.0590700313629821 0.0828915439570284 0.172359645192591 0.171374885954938 NA NA
"138" 138 0 0.6 80 12 0.303084685974674 0.0412346946698016 0.0532562212422764 0.0532562212422764 0.115962635210158 0.0612162081165663 0.0310387404196191 0.05 0.09 0.165631855079122 0.0543391673513298 0.0580708993218483 0.0580708993218483 0.0904841187631738 0.0598351672651009 0.0503465121670513 NA NA
"139" 139 0 0.6 100 2 0.298782983996869 0.035403350003559 0.0437875418917399 0.0437875418917399 0.0632155021069151 0.025 0.025 0.05 0.06 0.164414370366226 0.0526965252070029 0.0550909588786252 0.0550909588786252 0.061574090418735 0.0500000000000001 0.0500000000000001 NA NA
"140" 140 0 0.6 100 4 0.300179067343725 0.0278950981206971 0.0308816122845061 0.0308816122845061 0.062005610776872 0.0254920307068242 0.0326375121248099 0.05 0.06 0.165687732845516 0.0507222897193771 0.051489584255528 0.051489584255528 0.0611261188183568 0.0500241792051364 0.0504312222331613 NA NA
"141" 141 0 0.6 100 6 0.301162819322871 0.0384310991153125 0.0441265858115674 0.0441265858115674 0.0741488493016539 0.0900380896581998 0.168536670710203 0.05 0.07 0.166376507217833 0.0535368240384633 0.0551923721151913 0.0551923721151913 0.0659411266932973 0.0735188257037874 0.170075045753088 NA NA
"142" 142 0 0.6 100 8 0.307121943020919 0.0488540562095067 0.0608303746390693 0.0608303746390693 0.10659451033259 0.025 0.0438247484478657 0.05 0.08 0.168211971708687 0.0566463544667002 0.0606971756720026 0.0606971756720026 0.0835195760706991 0.0500000000000001 0.055102069721549 NA NA
"143" 143 0 0.6 100 10 0.307989380885387 0.0509228447487485 0.0576500022959443 0.0576500022959443 0.12097192141361 0.025 0.025 0.05 0.09 0.169045376301334 0.0573070100484633 0.0595660150206726 0.0595660150206726 0.0947070072285463 0.0500000000000001 0.0500000000000001 NA NA
"144" 144 0 0.6 100 12 0.301856887075886 0.0472662754202661 0.0507388568030226 0.0507388568030226 0.120792509506291 0.0264759509175267 0.0481098860472198 0.05 0.1 0.165867316130476 0.0561495470652527 0.0572476309047309 0.0572476309047309 0.0945489663436271 0.0503656415839124 0.0564124178396655 NA NA
